Student Counts by District and Grade,,,,,,,,,,,,,,,,
All Districts,,,,,,,,,,,,,,,,
2025-2026,,,,,,,,,,,,,,,,
,,,,,,,,,,,,,,,,
,,Grade,,,,,,,,,,,,,,
District,District Code,Pre-Kindergarten,Kindergarten,Grade 1,Grade 2,Grade 3,Grade 4,Grade 5,Grade 6,Grade 7,Grade 8,Grade 9,Grade 10,Grade 11,Grade 12,Total
Achievement First Bridgeport Academy District,2850013,0,93,93,95,96,96,86,91,95,92,63,46,60,48,1054
Achievement First Hartford Academy District,2880013,0,57,61,76,83,80,64,85,87,83,70,76,47,46,915
Amistad Academy District,2790013,0,91,92,96,90,93,99,85,97,86,80,72,59,49,1089
Andover School District,0010011,61,27,22,22,24,36,25,28,0,0,0,0,0,0,245
Ansonia School District,0020011,109,169,138,169,179,187,201,180,172,186,205,172,161,162,2390
Area Cooperative Educational Services,2440014,13,45,64,86,106,105,106,186,232,253,167,107,56,176,1702
Ashford School District,0030011,37,38,18,34,32,32,38,40,51,50,0,0,0,0,370
Avon School District,0040011,66,202,166,239,211,224,238,251,242,203,233,221,250,235,2981
Barkhamsted School District,0050011,31,24,32,31,24,33,35,32,0,0,0,0,0,0,242
Berlin School District,0070011,72,170,163,170,190,206,192,197,200,206,187,203,204,219,2579
Bethany School District,0080011,18,49,58,60,47,63,62,76,0,0,0,0,0,0,433
Bethel School District,0090011,81,177,173,225,198,201,220,257,235,268,259,259,267,305,3125
Bloomfield School District,0110011,340,83,72,89,84,103,88,106,118,119,127,143,132,166,1770
Bolton School District,0120011,16,45,44,38,59,48,53,49,53,49,48,49,46,66,663
Booker T. Washington Academy District,2950013,0,50,42,47,46,48,48,50,43,43,0,0,0,0,417
Bozrah School District,0130011,18,16,18,17,23,17,18,20,15,21,0,0,0,0,183
Branford School District,0140011,83,182,161,175,189,186,180,180,214,175,164,196,197,198,2480
Brass City Charter School District,2900013,35,37,40,40,39,41,41,41,44,42,0,0,0,0,400
Bridgeport School District,0150011,1036,1341,1345,1477,1527,1428,1341,1373,1366,1425,1784,1432,1335,1170,19380
Bristol School District,0170011,260,507,495,536,556,606,523,631,558,598,613,573,554,587,7597
Brookfield School District,0180011,56,131,135,177,181,210,187,203,207,199,190,212,205,216,2509
Brooklyn School District,0190011,88,54,59,83,77,82,90,106,94,93,0,0,,,832
Canaan School District,0210011,0,10,7,8,,9,10,9,10,,0,0,0,0,71
Canterbury School District,0220011,39,43,52,58,44,54,49,46,58,50,0,0,,,495
Canton School District,0230011,37,106,85,105,94,112,103,124,117,100,104,114,118,110,1429
Capital Preparatory Harbor School District,2970013,0,50,49,61,64,51,60,63,63,61,82,55,64,49,772
Capitol Region Education Council,2410014,1066,591,592,612,617,583,565,680,703,682,657,603,550,617,9118
Chaplin School District,0240011,16,19,10,18,17,21,20,24,0,0,0,0,0,0,145
Cheshire School District,0250011,134,317,261,318,322,392,327,330,347,346,317,314,306,317,4348
Chester School District,0260011,0,20,27,15,35,36,24,37,0,0,0,0,0,0,194
Clinton School District,0270011,60,92,81,78,93,107,105,92,108,114,91,113,112,133,1379
Colchester School District,0280011,97,137,134,145,168,184,176,156,152,147,148,141,134,151,2070
Colebrook School District,0290011,0,7,8,6,8,7,8,15,0,0,0,0,0,0,59
Columbia School District,0300011,,36,39,34,53,39,42,54,51,57,0,0,0,,436
Common Ground High School District,2680013,0,0,0,0,0,0,0,0,0,0,81,53,47,38,219
Connecticut Technical Education and Career System,9000016,0,0,0,0,0,0,0,0,0,0,3216,3021,2804,2571,11612
Cooperative Educational Services,2430014,152,40,44,56,58,67,53,54,45,49,18,23,19,75,753
Cornwall School District,0310011,0,15,8,11,9,11,12,9,11,8,0,0,0,0,94
Coventry School District,0320011,128,95,125,110,129,128,127,123,106,136,87,107,94,124,1619
Cromwell School District,0330011,50,93,112,125,136,143,162,153,141,151,133,131,142,117,1789
Danbury School District,0340011,293,713,691,860,905,982,931,814,896,909,935,829,822,870,11450
Darien School District,0350011,109,336,359,333,358,360,336,362,336,342,324,319,336,371,4581
Deep River School District,0360011,0,18,21,29,26,32,26,28,0,0,0,0,0,0,180
Department of Mental Health and Addiction Services,3370015,0,0,0,0,0,0,0,0,0,0,0,0,0,,
Derby School District,0370011,67,80,75,94,81,118,99,77,110,104,78,77,101,70,1231
East Granby School District,0400011,29,54,54,63,65,67,66,64,66,78,63,57,59,68,853
East Haddam School District,0410011,48,57,62,83,80,72,71,64,70,82,51,64,66,64,934
East Hampton School District,0420011,60,98,100,116,135,110,123,121,126,139,136,126,120,121,1631
East Hartford School District,0430011,355,308,361,454,441,462,454,422,437,464,424,479,494,616,6171
East Haven School District,0440011,236,149,147,205,199,200,200,178,213,188,230,194,210,240,2789
East Lyme School District,0450011,60,129,149,148,167,186,170,190,172,170,225,205,223,253,2447
East Windsor School District,0470011,72,64,65,82,78,70,74,78,70,77,65,60,68,69,992
Eastern Connecticut Regional Educational Service Center,EASTCONN,0,,0,0,,6,6,,,8,74,69,79,104,359
Eastford School District,0390011,16,16,16,23,16,14,22,12,21,7,0,0,0,0,163
Easton School District,0460011,36,90,79,101,105,102,102,97,97,101,0,0,0,0,910
EdAdvance,2420014,164,0,,,,,8,,,6,6,7,8,40,257
"Edmonds Cofield Preparatory Academy for Young Men, Inc. District",2980013,0,0,0,0,0,0,24,21,0,0,0,0,0,0,45
Ellington School District,0480011,103,149,143,185,187,218,175,196,199,216,180,174,194,196,2515
Elm City College Preparatory School District,2890013,0,62,61,64,66,68,68,68,67,53,57,49,38,37,758
Elm City Montessori School District,2910013,77,36,36,30,30,35,26,18,13,16,0,0,0,0,317
Enfield School District,0490011,256,318,234,331,311,360,332,311,306,362,395,339,372,362,4589
Essex School District,0500011,53,36,31,38,36,35,35,43,0,0,0,0,0,0,307
Explorations District,2720013,0,0,0,0,0,0,0,0,0,0,19,19,24,20,82
Fairfield School District,0510011,185,618,646,651,682,755,682,703,682,694,617,644,671,782,9012
Farmington School District,0520011,92,210,230,279,316,345,320,357,326,348,323,288,319,338,4091
Franklin School District,0530011,33,16,13,21,27,19,,19,13,19,0,0,0,,195
Glastonbury School District,0540011,83,362,389,399,461,419,439,444,455,444,435,413,433,455,5631
Goodwin University Educational Services,GUES,108,66,63,65,63,65,65,81,82,80,242,145,128,111,1364
Granby School District,0560011,40,111,93,119,111,138,132,129,133,140,119,132,152,147,1696
Great Oaks Charter School District,2940013,0,0,0,0,0,0,0,54,114,111,113,88,90,91,661
Greenwich School District,0570011,241,622,553,636,643,628,600,562,616,598,631,678,624,681,8313
Griswold School District,0580011,65,118,111,112,115,127,118,130,147,141,167,148,164,155,1818
Groton School District,0590011,191,291,272,300,309,323,301,312,291,286,244,216,225,259,3820
Guilford School District,0600011,59,202,185,213,229,234,194,223,249,238,234,234,259,247,3000
Hamden School District,0620011,265,339,303,383,341,408,368,400,388,419,494,393,399,450,5350
Hampton School District,0630011,13,9,7,7,14,6,7,8,0,0,0,0,0,0,71
Hartford School District,0640011,1332,899,1004,1129,1112,1140,1105,1060,1097,1180,1201,1127,1107,1070,15563
Hartland School District,0650011,13,12,11,8,,10,11,10,13,21,,0,0,0,116
Hebron School District,0670011,84,73,78,80,94,98,92,90,0,0,0,0,0,0,689
Highville Charter School District,2860013,80,42,35,41,39,52,41,44,36,40,22,13,10,12,507
Integrated Day Charter School District,2640013,34,33,33,33,33,34,32,44,43,45,0,0,0,0,364
Interdistrict School for Arts and Comm District,2650013,0,0,0,0,0,26,28,89,92,95,0,0,0,0,330
Jumoke Academy District,2610013,77,72,59,70,43,48,63,63,63,47,,,7,,621
Kent School District,0680011,14,15,11,22,22,23,14,30,11,23,0,0,0,0,185
Killingly School District,0690011,122,135,133,146,168,143,173,169,186,193,181,198,173,202,2322
Learn,2450014,381,109,77,91,94,83,74,52,7,7,85,80,112,147,1399
Lebanon School District,0710011,76,52,48,77,61,59,49,67,61,55,73,85,87,76,926
Ledyard School District,0720011,95,144,131,153,145,183,157,190,170,194,186,187,179,188,2302
Lisbon School District,0730011,31,38,39,41,45,31,39,52,37,42,0,0,,,401
Madison School District,0760011,64,179,173,185,185,195,180,190,188,186,183,184,183,189,2464
Manchester School District,0770011,271,391,347,440,451,473,438,461,435,412,379,516,486,413,5913
Mansfield School District,0780011,49,90,76,83,115,122,109,100,98,97,0,0,0,0,939
Marlborough School District,0790011,44,53,63,52,58,72,54,66,0,0,0,0,0,0,462
Meriden School District,0800011,162,516,519,625,652,643,609,660,652,685,622,677,659,700,8381
Middletown School District,0830011,237,334,243,331,324,312,326,350,325,352,292,260,312,346,4344
Milford School District,0840011,214,352,357,398,382,379,378,387,374,403,366,361,387,432,5170
Monroe School District,0850011,79,191,223,269,253,290,254,268,266,257,253,258,257,295,3413
Montville School District,0860011,40,125,121,153,141,170,144,125,164,158,162,119,118,133,1873
Naugatuck School District,0880011,177,263,206,279,326,330,315,301,292,304,277,272,300,339,3981
New Beginnings Inc Family Academy District,2800013,100,65,57,65,59,34,35,19,0,0,0,0,0,0,434
New Britain School District,0890011,442,623,686,785,757,804,747,704,780,717,885,684,562,721,9897
New Canaan School District,0900011,55,288,278,299,317,294,297,337,294,297,332,321,299,321,4029
New Fairfield School District,0910011,80,124,123,153,134,147,152,171,138,177,154,189,164,189,2095
New Hartford School District,0920011,39,38,50,61,55,72,55,67,0,0,0,0,0,0,437
New Haven School District,0930011,1137,1043,1074,1161,1234,1209,1118,1370,1396,1390,1577,1380,1299,1449,17837
New London School District,0950011,151,181,166,213,237,226,190,211,217,212,212,199,212,240,2867
New Milford School District,0960011,120,179,200,260,260,262,241,265,269,251,269,254,302,314,3446
Newington School District,0940011,167,247,202,243,288,270,279,300,335,281,300,287,311,317,3827
Newtown School District,0970011,74,289,264,280,262,310,295,299,297,297,292,309,294,319,3881
Norfolk School District,0980011,,,9,9,6,11,7,,0,0,0,0,0,0,55
North Branford School District,0990011,59,107,113,118,94,137,118,119,114,111,116,108,121,113,1548
North Canaan School District,1000011,21,19,21,29,29,30,20,19,21,27,0,0,0,0,236
North Haven School District,1010011,68,209,234,216,241,256,224,263,239,264,221,225,247,228,3135
North Stonington School District,1020011,43,49,46,49,50,57,49,55,54,62,52,58,58,50,732
Norwalk School District,1030011,361,754,702,848,773,775,765,813,808,838,902,905,1019,1029,11292
Norwich Free Academy District,9010022,0,0,0,0,0,0,0,0,0,0,453,495,513,543,2004
Norwich School District,1040011,226,305,251,308,343,344,327,333,344,388,7,9,8,63,3256
Odyssey Community School District,2630013,72,36,38,38,38,38,40,40,40,40,0,0,0,0,420
Old Saybrook School District,1060011,85,60,66,69,63,56,52,66,84,67,70,72,95,85,990
Orange School District,1070011,62,166,139,161,195,182,173,196,0,0,0,0,0,0,1274
Oxford School District,1080011,36,119,112,133,122,139,123,123,127,121,113,104,108,117,1597
Park City Prep Charter School District,2830013,0,0,0,0,0,73,98,99,84,83,0,0,0,0,437
Plainfield School District,1090011,103,99,113,126,147,149,152,134,130,154,125,127,109,147,1815
Plainville School District,1100011,121,122,128,146,142,152,146,170,175,155,176,160,170,178,2141
Plymouth School District,1110011,82,84,81,90,78,102,84,101,113,111,65,74,88,91,1244
Pomfret School District,1120011,23,28,28,33,30,37,28,46,44,31,0,0,0,0,328
Portland School District,1130011,43,80,95,89,96,82,80,109,108,111,81,86,79,93,1232
Preston School District,1140011,27,29,42,36,51,45,35,40,52,52,0,0,,,414
Putnam School District,1160011,104,75,77,87,90,111,79,90,101,86,62,63,69,67,1161
Redding School District,1170011,42,82,69,106,79,90,92,104,93,93,0,0,0,0,850
Regional School District 01,2010012,0,0,0,0,0,0,0,0,0,,77,95,,84,327
Regional School District 04,2040012,0,0,0,0,0,0,0,0,88,90,89,99,109,120,595
Regional School District 05,2050012,0,0,0,0,0,0,0,0,367,390,345,339,352,343,2136
Regional School District 07,2070012,0,0,0,0,0,0,0,0,106,129,110,153,118,151,767
Regional School District 08,2080012,0,0,0,0,0,0,0,0,162,182,164,162,168,193,1031
Regional School District 09,2090012,0,0,0,0,0,0,0,0,0,0,183,160,181,172,696
Regional School District 10,2100012,49,117,170,150,165,148,172,165,160,170,146,139,132,172,2055
Regional School District 11,2110012,0,0,0,0,0,0,0,0,36,42,19,33,33,29,192
Regional School District 12,2120012,46,41,37,41,48,60,53,45,44,43,83,92,72,105,810
Regional School District 13,2130012,33,87,91,94,108,101,101,101,118,95,94,80,99,92,1294
Regional School District 14,2140012,52,68,82,84,94,94,90,101,86,110,169,167,146,193,1536
Regional School District 15,2150012,71,224,209,242,241,284,237,275,290,280,253,230,262,252,3350
Regional School District 16,2160012,57,137,130,131,147,146,148,139,156,141,117,134,133,174,1890
Regional School District 17,2170012,41,127,95,112,133,144,131,147,133,133,128,99,118,127,1668
Regional School District 18,2180012,101,47,99,86,92,100,84,98,85,96,88,85,87,101,1249
Regional School District 19,2190012,0,0,0,0,0,0,0,0,0,0,228,252,251,273,1004
Regional School District 20,2200012,63,81,94,98,91,130,101,108,117,108,156,134,153,164,1598
Ridgefield School District,1180011,80,270,274,282,311,343,331,360,359,350,355,342,343,389,4389
Rocky Hill School District,1190011,55,176,172,182,184,225,195,183,212,180,195,205,192,205,2561
Salem School District,1210011,,30,47,39,30,47,41,52,42,40,0,0,0,,399
Salisbury School District,1220011,18,20,24,35,30,26,28,30,26,39,0,0,0,0,276
Scotland School District,1230011,22,10,10,,10,10,,12,0,0,0,0,0,0,87
Seymour School District,1240011,54,122,150,138,184,163,155,171,165,172,117,130,147,163,2031
Sharon School District,1250011,9,11,14,10,8,7,10,,17,,0,0,0,0,94
Shelton School District,1260011,92,333,303,312,346,332,337,333,389,337,312,300,360,323,4409
Sherman School District,1270011,28,33,15,17,24,24,29,15,30,19,0,0,0,0,234
Side By Side Charter School District,2700013,38,22,22,23,22,22,22,23,20,22,0,0,0,0,236
Simsbury School District,1280011,47,260,266,284,302,340,314,332,315,331,330,266,308,341,4036
Somers School District,1290011,37,83,96,94,95,128,99,96,111,107,96,87,105,70,1304
South Windsor School District,1320011,101,267,341,389,429,428,385,434,443,421,371,385,369,390,5153
Southington School District,1310011,117,406,392,433,458,472,473,500,464,450,459,474,502,515,6115
Sprague School District,1330011,19,19,16,31,22,29,22,29,31,32,,,0,,254
Stafford School District,1340011,94,94,85,89,81,91,97,87,99,96,64,90,97,105,1269
Stamford Big Picture Learning Academy District,2990013,0,0,0,0,0,0,0,0,0,0,,,0,0,9
Stamford Charter School for Excellence District,2960013,0,62,63,62,63,64,63,56,55,53,0,0,0,0,541
Stamford School District,1350011,354,965,957,1200,1186,1180,1123,1211,1183,1144,1254,1209,1139,1237,15342
Sterling School District,1360011,34,29,21,24,33,31,35,33,24,26,0,,,8,300
Stonington School District,1370011,44,106,121,115,117,132,135,128,120,138,110,133,124,145,1668
Stratford School District,1380011,231,351,391,430,440,480,448,499,498,508,491,520,478,642,6407
Suffield School District,1390011,58,139,140,121,147,158,163,166,156,148,171,160,165,143,2035
The Bridge Academy District,2690013,0,0,0,0,0,0,0,0,53,49,52,41,47,39,281
The Gilbert School District,9020022,0,0,0,0,0,0,0,0,74,89,76,60,56,60,415
The Woodstock Academy District,9030022,0,0,0,0,0,0,0,0,0,0,224,253,251,270,998
Thomaston School District,1400011,49,51,38,50,44,61,62,76,64,61,54,64,50,41,765
Thompson School District,1410011,42,49,47,64,62,65,77,61,74,73,49,35,38,58,794
Tolland School District,1420011,75,136,144,136,185,161,165,170,151,156,143,133,177,182,2114
Torrington School District,1430011,127,283,197,300,297,335,285,317,329,330,322,243,229,274,3868
Trumbull School District,1440011,198,437,401,436,529,535,492,532,575,540,558,541,527,578,6879
Unified School District #1,3360015,0,0,0,0,0,0,0,0,0,0,16,30,47,50,143
Unified School District #2,3470015,0,,,,,,0,,7,7,22,18,20,9,90
Union School District,1450011,11,7,6,,,,,,,,0,0,0,0,41
Vernon School District,1460011,152,222,212,217,250,253,221,261,218,225,248,267,226,274,3246
Voluntown School District,1470011,28,23,21,15,19,,21,21,15,31,0,0,0,,209
Wallingford School District,1480011,238,347,316,337,389,385,351,356,395,370,388,377,416,426,5091
Waterbury School District,1510011,976,1230,1131,1418,1463,1476,1325,1320,1371,1421,1382,1294,1340,1234,18381
Waterford School District,1520011,72,125,131,167,150,181,164,151,181,175,162,185,167,194,2205
Watertown School District,1530011,88,159,165,170,205,197,197,219,197,212,188,167,179,201,2544
West Hartford School District,1550011,257,651,600,634,660,699,688,666,695,663,700,686,684,786,9069
West Haven School District,1560011,118,392,395,422,432,456,433,397,456,449,463,475,459,516,5863
Westbrook School District,1540011,29,42,37,39,43,40,49,38,40,30,41,36,38,51,553
Weston School District,1570011,52,133,113,154,135,144,159,172,139,147,174,172,166,174,2034
Westport School District,1580011,58,342,349,402,410,445,415,379,406,410,385,429,401,435,5266
Wethersfield School District,1590011,79,194,194,255,242,261,239,259,260,279,274,302,266,308,3412
Willington School District,1600011,22,34,30,40,44,41,37,42,47,39,0,0,0,0,376
Wilton School District,1610011,79,259,246,268,254,284,297,250,281,272,281,285,339,307,3702
Winchester School District,1620011,50,71,59,80,81,103,72,77,,0,,,,,607
Windham School District,1630011,195,254,186,247,238,269,253,261,253,252,202,163,147,138,3058
Windsor Locks School District,1650011,108,80,97,98,118,103,88,107,129,106,88,105,89,125,1441
Windsor School District,1640011,56,204,185,216,232,254,217,250,237,245,284,250,304,283,3217
Wolcott School District,1660011,54,127,120,162,156,161,146,155,158,164,157,156,151,158,2025
Woodbridge School District,1670011,24,84,105,134,120,140,128,127,0,0,0,0,0,0,862
Woodstock School District,1690011,31,69,58,68,63,83,87,100,89,95,0,,0,,747